000506
002760
001431
001954
001841
001672
001708
000653
000686
001207
001205
000116
000978
000460
001540
001618
002624
001053
002960
002322
001939
002581
002480
000026
001808
002617
000882
002098
000187
002270
001357
002009
001635
002893
002595
002164
002870
001282
002289
001532
002555
001838
002327
002037
001135
002936
000959
002933
000952
001982
002437
002644
001100
001051
000273
001250
001882
000445
000713
000519
002496
000414
000338
000890
000355
000396
001911
002689
001371
001957
000358
002443
002590
002813
001427
001423
000867
000869
002369
001405
002063
001194
000606
001643
001539
002882
001810
002523
002727
002888
002688
001296
002985
000235
001772
001015
002354
000177
002090
000226
002381
002211
002508
002015
000248
002478
002654
001630
001331
002792
000491
000821
001465
001395
001186
000891
002285
002001
001025
000134
000812
001773
001342
001795
002602
000422
002174
001647
000089
001280
000782
002047
001455
002769
002280
001007
000570
001498
001917
000331
000701
002258
001253
000871
002471
001979
002528
001615
000697
002951
001103
002390
002194
000179
001766
001541
000684
002755
000838
001129
001789
001736
002587
002105
000566
002455
002686
001639
000793
001081
000725
000541
001456
001787
002916
002302
000997
001079
002695
000809
001302
002468
001816
001181
000174
000658
002485
000517
001953
001105
001151
000253
001631
002790
001866
001394
002897
001983
002520
000704
001347
002215
002514
002621
000699
002901
002953
000191
001447
002422
002469
000383
000562
002967
000130
001373
001322
001890
002731
002690
001504
002080
001556
002206
000832
000143
001987
002150
000903
002830
002986
002919
000830
000810
001645
002990
002630
000939
002878
001704
002271
002957
001312
000953
000204
002081
000655
002012
002043
002058
002319
001867
001904
002189
001594
001747
002193
002481
000281
002448
001209
000539
002436
000784
000139
001341
000299
000023
002182
002522
001733
000664
000217
000282
002073
001069
002491
002384
001737
002332
002607
000917
000625
001723
000528
002007
000254
000030
002853
000048
001113
002243
001970
001944
001361
000066
001776
000665
002338
000262
002768
001472
001814
000974
000995
000182
001082
002567
002961
000525
000171
000712
002292
001097
000961
002183
002147
002320
001056
001418
001204
000880
002428
002477
002213
001710
002713
000503
001974
000985
002454
002636
001884
002862
000284
000029
002984
002841
000624
002728
000402
001304
000493
001519
000141
001996
002673
000275
001239
000362
002537
002659
000779
000925
000324
000242
002446
002597
001085
000207
000263
000115
000261
002521
001885
001768
001299
002924
002771
001995
000233
002316
000343
002826
001068
002789
000947
001577
000992
001018
000221
001311
001437
000124
002584
000918
001014
002497
001174
002864
001335
000676
001852
002210
001387
002976
002643
000940
002615
000055
000067
002083
001134
001039
002024
002750
001334
002107
001148
002006
002304
000796
002042
001627
002273
002664
002011
002846
000451
001088
001191
002418
002616
001650
001717
002726
000153
001839
002981
002380
001033
001853
000753
001600
001687
000032
001307
000038
002708
000072
000946
002940
001301
001234
002161
000336
001071
001162
001073
000356
002724
001623
000308
000070
001269
000996
000487
000438
000533
002314
000220
000184
000635
002908
001419
001157
002546
000404
001614
002305
002604
000348
002691
001837
002912
000346
002251
001825
001225
002503
000365
000409
000382
000034
002767
000706
001475
002490
000630
001390
000931
002128
001238
000012
000829
002959
001453
002119
002330
001937
001484
001330
001626
002623
000544
002444
001727
002077
001585
001637
001666
000294
002181
001543
000077
002859
001382
002506
002045
002806
002596
001508
002579
001210
000123
000509
001478
002202
000687
000842
000203
001054
002230
002222
000620
002100
000787
000015
002999
000301
001988
000209
001222
002533
001920
001899
000175
000716
000322
002947
001087
002220
000008
002766
000983
000591
001093
000577
000538
000868
000822
001657
002697
001570
000011
000379
002373
001662
002434
002275
000481
000443
001197
000267
001688
001248
002235
001317
001903
001845
001464
000068
002192
001846
000470
001606
002388
002334
001328
002839
000472
002121
000609
002498
000499
002800
001817
002335
000113
000291
002028
000776
001243
000495
000707
002185
002257
000016
000937
001668
000078
000488
001858
002336
001077
001526
000296
000595
000415
000980
000434
000147
000000
002661
000522
000553
000150
000444
000602
000257
000040
001576
001958
002715
002374
000002
001660
002556
001998
001066
002092
000762
001701
000114
000599
002707
000555
002465
000927
002104
000297
002365
001144
001686
001323
001617
001873
001062
001507
000622
001621
002964
000973
001443
002963
002886
002787
002729
000398
002375
000757
001070
000258
002221
000542
000304
002910
000152
000518
000641
000339
000850
002101
001482
001030
001821
001801
002138
001946
001497
000367
000465
001670
002786
001908
001491
002297
001739
002848
001916
001169
000560
000317
002852
000764
001411
002740
001962
000885
001489
000683
000527
002196
001406
001848
001042
001083
000058
002415
000523
001102
000550
002156
001805
001158
002245
000062
000548
001457
001429
000044
002432
001221
001696
002347
001141
000695
000652
001483
002020
000774
002411
001356
001409
000381
001476
002312
001393
002430
002256
000371
000629
002177
000758
001880
000957
000989
000249
002625
000501
001154
002965
001267
001951
001021
000455
002076
001516
000578
000076
001189
000936
001350
000413
001902
002807
001881
000963
001293
001229
002941
002594
000826
001941
000582
001059
001915
001439
002216
001309
002622
000380
001743
000646
000649
001812
001942
002809
001164
002059
002754
000462
002875
002463
001554
002284
002557
002519
000351
001160
001850
002968
000638
001933
002650
002154
000388
000828
001849
002383
000862
002694
001422
001449
000775
002250
002124
001968
000603
002735
001277
001592
002962
002956
002362
001101
002881
000645
000486
001698
000721
001608
000589
001960
000007
002014
002777
001673
001404
001249
000496
002267
000795
001872
000085
001658
002089
001128
001360
002217
001420
002240
001343
002456
000214
000507
001118
000196
002310
000955
000935
000621
000319
002837
001346
000738
000118
000745
001011
001959
001130
001888
001246
002828
001003
000283
000682
000632
001351
002368
001545
000895
001271
001201
001262
001827
002820
002318
002282
001375
001115
000892
001674
001368
002793
002568
000031
002126
000930
001156
002290
001440
000033
000053
002287
002666
000357
000065
002904
001192
002244
001153
001325
001466
000887
001971
002920
001060
002844
001847
001875
002219
001828
002241
001183
002978
001376
002078
001797
000259
000428
000397
001024
002034
000729
001785
002022
000198
000417
002286
001176
002701
001137
001214
000310
000271
000120
001638
002603
001078
002129
002351
001671
001133
002003
002757
001245
002027
000631
001511
001609
002532
002426
000904
001864
001536
001084
001470
000966
000243
000192
002738
000628
000804
002831
001806
002371
000238
000823
002812
001340
000107
001677
002409
001320
001188
000705
000654
000109
000057
001826
001308
002982
001559
002851
002186
000164
001967
002004
002110
002907
000467
000185
002823
000060
001075
002609
001692
000668
000342
001921
002069
001722
002112
000052
000025
000197
002106
000274
002265
000128
000095
001663
001064
000551
002163
001067
001441
001569
000672
002804
002996
002212
000612
002149
001337
000657
001857
001940
001952
001220
001080
002819
001321
002442
000857
001522
002516
001935
001365
001396
001909
000576
002909
000899
002169
000305
000437
002038
001929
002475
000250
000313
001794
000920
000127
001348
001203
001646
000081
000724
000739
000464
000545
001123
001095
001435
000022
001819
000913
002925
000453
002877
001383
000818
002874
000851
000951
002325
000333
000327
002736
000711
000860
000133
002097
001461
000035
000685
001561
001515
001641
000746
001316
000954
001132
002135
002696
002445
000626
000384
002821
001291
000910
001597
002427
001709
001407
001764
002863
002702
002980
000046
002364
001052
001832
000137
000702
002440
002683
002094
000613
000223
000877
000373
001276
001143
000432
002672
000240
002780
000769
001499
000403
000316
000798
001363
000302
001213
002764
000001
000111
000888
001044
001414
002050
000477
000255
000459
002166
000028
000792
000163
001748
000714
002732
002460
001796
002955
002358
001542
000476
001168
001415
001224
001139
001943
002329
002253
000919
001680
002288
000639
001829
002414
001990
002855
002730
001632
001104
000537
002417
001665
002706
002017
002010
002946
000596
002610
001233
001098
001601
000975
001932
000811
000208
002861
002487
002298
002419
001588
001416
000752
001190
002560
000512
002928
002600
002662
000505
001448
002824
000260
002170
001729
000923
001563
002952
002758
001558
002303
000232
001386
001326
000201
002997
001831
002132
000392
002296
001211
001289
002679
002187
001445
001400
001329
001468
000454
001185
000585
002935
001402
000993
000097
001731
002591
002649
002815
000354
000568
001843
001058
002120
000009
000864
000172
000873
001991
001886
002681
000945
001010
002816
002518
000962
002991
001038
001656
002062
001573
002231
002232
002576
000575
002669
001023
000633
001372
002360
002036
000148
001923
002391
000543
001854
000801
000911
000193
000311
002260
002389
000378
002979
002725
002744
001860
002685
000027
001782
000958
000234
001675
001927
002998
000430
000907
002517
002259
000886
002429
002116
002088
001354
002052
001699
000574
002031
000006
000647
001682
001252
000330
000977
001568
000421
002975
000728
001552
000474
001430
001550
001503
001900
001090
000168
002433
000794
000436
001401
000800
000247
000770
000211
000783
002856
000045
001216
000386
002850
002966
001265
001859
001324
000772
002575
000144
001043
001076
002511
000266
002829
000042
002140
001116
002363
001993
000708
000948
000385
000909
000241
001179
002781
001303
000334
002293
001486
002699
002710
001279
002005
000199
000335
001950
002776
002898
002421
001997
000536
002016
000270
002822
002249
002179
001913
001779
001756
000915
000289
001771
001676
000098
000692
002513
001198
001028
000103
002515
001738
002577
002663
000521
000768
001518
000092
002860
002398
000693
000986
002494
001026
001336
001310
001362
002482
000180
000490
000374
002628
002671
002065
000108
000670
002601
001009
000572
000090
000669
002133
002294
000369
000390
000590
000751
002890
000135
000341
001798
001444
000366
002339
001744
002608
000064
001352
002246
000073
002580
000200
002345
000773
000916
002871
000690
000117
001978
001155
001598
000825
001228
000971
001305
002172
001834
002974
002747
002165
002484
000855
000673
000400
002408
001495
000145
000656
000099
001124
000870
001462
001751
000791
002834
002261
002247
000698
001691
002578
001417
002266
000831
002749
000730
002705
000059
000806
000224
000080
000644
001589
002642
001096
002892
001454
002811
002531
001218
002357
001719
001893
000972
001906
000984
002162
000929
001581
001172
000162
000264
000781
001741
001749
000216
002416
000458
000285
001591
000651
001975
002420
002818
002944
001949
000815
002682
001870
001399
002075
000661
002585
001651
002798
000441
000021
002489
001930
000228
002761
001119
002000
000999
000483
000546
002233
002441
000088
002545
000323
000839
000418
002500
002142
001586
001428
000588
001479
001421
002774
001359
000154
000268
000637
000401
002835
002064
001770
002019
002224
000671
002867
002756
002827
001799
002505
002720
001319
001678
001760
002148
000583
000169
000889
001072
001918
002379
000594
001187
002906
002237
002328
000100
001408
002067
002392
000846
002333
000121
001912
002817
001567
002152
000126
001705
001063
000312
002618
002145
000817
001339
002199
002894
002593
002840
000278
001398
002788
001275
000479
000581
001284
002146
002300
001813
001767
002770
001914
001242
002021
002716
001492
002599
001046
000824
001092
000964
001432
000837
001706
001661
001887
000965
002350
002799
002676
002180
000529
000556
000932
002393
002549
002306
002118
002200
002131
002718
000514
002086
000328
001548
001374
000050
000834
000457
000156
001426
001161
001286
002158
002709
002541
002658
001763
002277
000364
000395
000640
002493
000766
001173
000391
002913
002453
002791
001500
000623
002082
001036
001413
000956
001295
001424
002401
000861
001961
001712
001369
002884
001089
000558
000492
000132
000874
001314
001251
001679
000140
000136
002954
002684
001780
001381
001791
002633
000987
002095
000431
001049
002074
001980
000215
000276
002977
000597
000340
002670
000552
002056
002880
000230
000018
001494
000835
000807
002504
002914
000047
001256
000416
002190
000799
002238
002236
001142
001349
001274
002423
002008
001261
002887
002055
002242
000883
002348
001999
000941
001925
000497
002734
001120
001344
002530
001566
002377
000604
002712
001565
002413
000921
001230
000446
001166
001474
002805
002905
000731
000372
000741
001945
000227
000737
002291
000896
000681
000563
000222
001332
001836
001659
001564
002144
001582
002529
000435
002891
002641
002635
001195
000359
002301
001863
001537
002151
001640
002714
001820
001458
002552
002847
002668
000219
001452
002651
002899
001711
000564
001530
000475
001485
001572
002157
002563
002973
001389
002323
001200
002281
002553
001517
002858
000667
000771
002447
000674
000976
000820
000863
001878
000360
000138
001002
000307
001202
000797
001266
001094
000943
000663
001529
001481
001544
002386
000314
000802
002102
001593
001463
002675
002722
001905
000642
000893
002801
001206
002450
002407
002693
001048
000991
000376
001231
000252
000659
002574
002620
000878
001697
002130
001595
001199
000967
002865
002667
001379
001159
002631
001215
001624
002492
000146
002060
002425
002571
002570
001625
001425
001802
000468
000142
001811
000816
001693
001020
001019
002123
001260
000504
001106
001167
001783
000158
000535
002228
000353
000389
001788
001147
002592
001377
001281
001353
000478
001551
001533
000677
002639
000743
002424
000091
002742
002803
002184
001871
002343
002612
001856
002987
000155
002655
002698
000968
001720
001235
002025
000520
000433
000210
000212
001255
000819
002783
000010
000643
001450
001385
002035
002127
000765
000944
001226
002573
000292
001285
001535
001931
000567
000733
002085
001784
000777
000119
001924
002836
000524
002778
000616
001681
001029
002311
001184
002995
002558
001107
001057
001514
001117
000469
002501
000934
000778
001109
001633
002723
001649
001844
002551
000188
002527
002748
001480
000325
001976
002868
002171
001928
000600
001263
000286
001355
001809
002096
002404
002342
000912
000879
000696
002627
002431
002400
002507
002879
000843
001086
001655
000748
000239
001695
001493
000424
001524
002921
002023
000906
001895
001644
000293
001910
002657
001689
000844
002483
001790
001684
002087
000347
002472
000636
001140
001288
000427
000237
001290
001392
001981
000181
000897
001557
001590
002378
002370
001163
002785
000129
001477
002191
000287
001525
001963
001294
001726
001547
002195
001605
002648
000617
001091
000218
002526
000049
000014
002349
002958
001599
000691
002902
001131
000662
002739
002160
001236
001546
002136
000166
002464
001759
000610
001247
000352
000516
001868
001969
002900
000718
001193
000003
002972
001459
000569
001724
002461
000448
001165
001258
001111
000429
001397
001775
002198
001496
002873
001948
000833
002084
001000
002209
000534
001232
001964
002970
002438
000020
001022
000531
001027
001032
002566
001433
000471
002992
002765
001823
000592
000666
001730
002550
001150
002326
002099
002825
002589
000679
002399
002111
002353
002554
002849
002068
000853
001045
000922
001502
001583
000489
002255
001707
000411
001965
002903
000306
002626
000827
000480
000408
002155
000926
000754
002488
002772
002647
000412
002376
000295
000189
001778
001685
001313
001460
001259
002543
000377
001180
000723
001877
001510
001487
002122
001469
000309
002660
000648
000557
002402
001065
000500
001725
001358
002915
001208
001270
001287
001898
000759
001620
000593
002049
002988
001762
000096
001438
001108
001528
002692
002178
000466
001765
001587
000345
000122
002782
001001
000513
000361
002993
001818
002412
001781
001523
002499
001442
001777
000587
001112
001175
000928
000858
001966
002479
002762
000881
002569
002061
002406
001977
001700
000494
001074
000611
002029
000101
000788
000190
001327
000320
000579
000024
001227
001855
002994
001578
002435
000326
000619
001501
000074
001986
002753
002188
000205
000950
002802
000375
000515
001272
001035
001037
001013
002279
001716
000363
000019
001126
002091
000054
002665
002115
001746
001513
001822
001149
000508
001146
000549
002203
002103
000780
001553
000688
000298
000245
002032
002227
002223
001240
002535
001874
002114
000898
001110
001241
000410
000841
000580
000485
000749
001338
002054
002889
002895
001264
000004
000703
000419
000726
002833
001734
002167
001683
002704
002459
001122
002030
000942
000678
001574
001298
001619
001223
002687
000584
002971
001833
002678
000914
002652
000736
000236
000423
000387
001761
002842
000043
000452
001956
002137
000159
002159
001391
000735
002439
001972
001008
000393
001182
002053
001121
002337
002205
002586
001297
002525
000349
002308
002396
001333
001994
002066
000161
002173
001378
000344
001740
002536
001509
002214
002457
001876
002466
002344
001584
000265
002640
002340
000750
001865
001412
000901
001047
002717
001219
000727
001006
002943
002495
001653
000303
002619
002394
002629
002656
001754
002843
002307
000854
000473
000272
001596
000715
000601
002331
001040
001753
001366
002784
001613
000840
002108
000680
002565
002562
000256
000607
001099
000938
000763
001694
002795
000700
002175
001664
000554
000561
000813
002269
001636
001769
002719
001842
000994
000547
000125
000908
001012
002746
000440
001667
000717
002044
000530
001830
002449
002295
002548
001938
000785
000300
002452
001634
002797
002677
001473
000149
001718
002759
000805
002040
001901
000420
001642
002632
002931
000710
002467
000510
000102
002262
001702
002989
001947
001892
001196
001602
000332
000803
000650
001061
002361
000176
000110
001840
002547
001177
002197
001170
001891
001436
002051
002680
000165
001549
002737
000884
002462
000106
000442
000634
000082
000849
002745
000608
000086
000112
000194
002872
002315
002733
002930
001745
000814
002948
002239
002752
002072
001669
002582
002366
002324
000905
002283
002218
001973
001648
000151
002451
001610
001041
000614
002854
000689
001752
001217
001715
000277
002763
000244
002572
002927
002234
001034
000013
001490
001728
000318
000845
000083
002033
001127
001388
000069
000447
001560
001807
001212
001894
000173
001851
000087
002143
000157
002321
000104
002911
001017
000761
001527
001792
000511
000484
000315
002922
001879
002313
000071
000900
000836
000979
002814
000924
000167
000990
002502
000532
001403
002470
001306
001803
000456
000571
000694
000933
002561
001318
002917
001257
000847
001488
000502
001758
001934
002385
002653
002367
002410
002272
001815
002773
000740
002355
000039
002634
000017
000426
002646
000056
000866
000789
001278
001534
000463
000998
002229
000790
001889
001512
002700
001384
002208
001125
002041
000852
000131
000875
